-17094.4259, -0.3242
-17094.2084, -0.1067
-17094.2711, -0.1694
-17094.2458, -0.1441
-17094.2840, -0.1823
-17094.2009, -0.0992
-17094.3972, -0.2955
-17094.2318, -0.1301
-17094.2579, -0.1562
-17094.2509, -0.1492
-17094.1974, -0.0957
-17094.2378, -0.1361
-17094.2366, -0.1349
-17094.2237, -0.122
-17094.2715, -0.1698
-17094.1697, -0.068
-17094.2828, -0.1811
-17094.2569, -0.1552
-17094.3590, -0.2573
-17094.2920, -0.1903
-17094.2974, -0.1957
-17094.1892, -0.0875
-17094.3125, -0.2108
-17094.2566, -0.1549
-17094.3887, -0.287
-17094.2351, -0.1334
-17094.3247, -0.223
-17094.3199, -0.2182
-17094.2253, -0.1236
-17094.4078, -0.3061
-17094.3065, -0.2048
-17094.2258, -0.1241
-17094.3985, -0.2968
-17094.2549, -0.1532
-17094.2189, -0.1172
-17094.1994, -0.0977
-17094.2496, -0.1479
-17094.2959, -0.1942
-17094.2185, -0.1168
-17094.2216, -0.1199
-17094.2589, -0.1572
-17094.2807, -0.179
-17094.2515, -0.1498
-17094.2404, -0.1387
-17094.2647, -0.163
-17094.2546, -0.1529
-17094.3139, -0.2122
-17094.2560, -0.1543
-17094.2370, -0.1353
-17094.3490, -0.2473
-17094.3119, -0.2102
-17094.2564, -0.1547
-17094.1978, -0.0961
-17094.2066, -0.1049
-17094.3415, -0.2398
-17094.2156, -0.1139
-17094.2233, -0.1216
-17094.3078, -0.2061
-17094.3492, -0.2475
-17094.2196, -0.1179
-17094.2505, -0.1488
-17094.2900, -0.1883
-17094.2916, -0.1899
-17094.2277, -0.126
-17094.2671, -0.1654
-17094.2533, -0.1516
-17094.2605, -0.1588
-17094.2588, -0.1571
