-17106.2642, -0.3275
-17106.0591, -0.1224
-17106.0564, -0.1197
-17106.0344, -0.0977
-17106.0817, -0.145
-17106.0313, -0.0946
-17106.2874, -0.3507
-17106.0661, -0.1294
-17106.2053, -0.2686
-17106.0764, -0.1397
-17105.9991, -0.0624
-17106.0574, -0.1207
-17106.1123, -0.1756
-17106.0460, -0.1093
-17106.0863, -0.1496
-17105.9824, -0.0457
-17106.0813, -0.1446
-17106.0674, -0.1307
-17106.1365, -0.1998
-17106.1210, -0.1843
-17106.1283, -0.1916
-17106.0212, -0.0845
-17106.2165, -0.2798
-17106.0795, -0.1428
-17106.2911, -0.3544
-17106.0352, -0.0985
-17106.1391, -0.2024
-17106.1746, -0.2379
-17106.0313, -0.0946
-17106.2098, -0.2731
-17106.0551, -0.1184
-17106.0613, -0.1246
-17106.1834, -0.2467
-17106.0545, -0.1178
-17106.0435, -0.1068
-17106.0298, -0.0931
-17106.0698, -0.1331
-17106.2122, -0.2755
-17106.0726, -0.1359
-17106.0334, -0.0967
-17106.1184, -0.1817
-17106.0387, -0.102
-17106.1007, -0.164
-17106.0867, -0.15
-17106.1193, -0.1826
-17106.0741, -0.1374
-17106.1310, -0.1943
-17106.0774, -0.1407
-17106.0711, -0.1344
-17106.0740, -0.1373
-17106.1082, -0.1715
-17106.0779, -0.1412
-17106.0255, -0.0888
-17106.0856, -0.1489
-17106.1799, -0.2432
-17106.0778, -0.1411
-17106.0543, -0.1176
-17106.1682, -0.2315
-17106.0889, -0.1522
-17106.0589, -0.1222
-17106.0819, -0.1452
-17106.0422, -0.1055
-17106.1392, -0.2025
-17106.0767, -0.14
-17106.1097, -0.173
-17106.0570, -0.1203
-17106.0784, -0.1417
-17106.1126, -0.1759
